$SPEC_ID:
No sample description was entered.
$SPEC_REM:
DET# 2
DETDESC# ARTS-DW016925 Easy-MCA-2k SN 13254640
AP# Maestro Version 7.01
$DATE_MEA:
02/08/2025 14:20:29
$MEAS_TIM:
428000 428001
$DATA:
0 255
    1147
      52
      10
       3
      83
     174
     233
     259
     273
     284
     283
     297
     240
     237
     265
     227
     200
     165
     185
     194
     166
     180
     150
     169
     162
     143
     137
     139
     129
     110
     118
     114
     103
     105
     100
      88
      99
      80
      92
      89
      70
      70
      79
      69
      72
      78
      46
      48
      31
      66
      52
      65
      50
      53
      44
      52
      42
      38
      30
      33
      31
      40
      26
      37
      36
      28
      31
      33
      34
      29
      19
      18
      30
      35
      18
      18
      22
      20
      23
      22
      17
      24
      18
      17
      10
      12
      14
      17
      17
      11
      12
      26
      14
      20
       7
      13
      15
       9
      13
      11
      11
      14
      16
       7
       8
       7
      12
      11
      10
       6
       7
      15
       7
       6
       7
       6
      12
       6
      10
       7
       9
       8
      11
      15
      11
      11
       3
       8
       9
       6
       9
       5
       5
       4
       8
      10
       6
       4
      12
      10
       7
       6
      12
       9
       4
       9
       4
       9
       5
      10
       6
       5
       9
       8
       7
       5
       4
       6
       2
       8
       7
       5
      10
      12
       5
       8
       7
       6
       4
      10
       1
       8
       6
       7
       3
       8
       5
       8
       9
       6
       4
       7
       5
       4
       8
       9
       4
      13
       4
       9
      11
       8
       7
       9
       6
       5
       7
       3
       5
      12
       7
       4
       4
       4
       7
       5
       6
       6
       6
       7
       7
       7
       5
       2
       5
       4
       7
       6
       7
       4
       8
       6
       6
       5
       7
       5
       3
       4
       7
       7
       6
       4
       4
       9
       3
       7
       9
       8
       5
       0
       1
       1
       0
       0
       0
       0
       0
       0
       0
       0
       0
       0
       0
       0
       0
       0
$ROI:
0
$PRESETS:
None
0
0
$ENER_FIT:
0.000000 1.000000
$MCA_CAL:
3
0.000000E+000 1.000000E+000 0.000000E+000 
$SHAPE_CAL:
3
0.000000E+000 0.000000E+000 0.000000E+000
