$SPEC_ID:
No sample description was entered.
$SPEC_REM:
DET# 2
DETDESC# ARTS-DW016925 Easy-MCA-2k SN 13254640
AP# Maestro Version 7.01
$DATE_MEA:
02/11/2025 16:10:56
$MEAS_TIM:
161433 161433
$DATA:
0 255
    1159
      39
      14
       2
      22
       9
       7
       8
      10
       6
      15
       3
       4
      10
       6
       4
       6
      16
       8
       5
       5
       9
       9
       8
       6
       8
       6
       9
       7
       4
       7
       6
       8
      13
      10
       7
       3
       7
      14
       2
       8
       8
       6
       4
       7
       9
       4
       3
      10
       8
      11
       5
      13
       3
       7
       8
       3
       4
       3
       4
       6
       8
       8
       6
       8
       7
       8
       7
       9
       4
      10
       8
       4
       5
       5
       7
       5
       7
       2
       6
      11
       9
       8
       5
       8
       9
      12
       1
       8
       2
      13
       7
       6
       5
       9
       9
       3
       4
       7
       3
       1
      11
       9
       8
       9
       7
       7
       8
       7
       8
       4
       8
       8
       7
       6
       5
       9
       7
      10
       5
       3
       6
       3
       6
       7
      10
       6
       7
      10
       9
       4
       9
       9
      13
       6
      10
       6
       2
       7
      12
       2
       9
       6
       5
       5
       8
       5
       3
       8
       4
       6
       8
       9
       5
       5
      11
       6
       5
       6
       4
       6
      10
       6
       7
       6
       6
      14
       8
       7
       4
       6
       7
       3
       5
       7
       9
       8
       8
       5
       6
       2
       9
       8
       5
       2
       6
       9
       8
       5
       1
       7
       1
       7
       9
       8
       4
       8
      11
       2
       6
       6
       4
       9
      13
      10
       5
       8
       7
       8
       6
       8
       8
       8
       7
       5
       5
       7
       9
       7
       6
       9
       8
       6
       9
      13
       8
       7
       3
      11
       4
       6
       4
       6
       6
       6
       4
       4
       2
       0
       0
       0
       0
       0
       0
       0
       0
       0
       0
       0
       0
       0
       0
       0
       0
       0
       0
$ROI:
0
$PRESETS:
None
0
0
$ENER_FIT:
0.000000 1.000000
$MCA_CAL:
3
0.000000E+000 1.000000E+000 0.000000E+000 
$SHAPE_CAL:
3
0.000000E+000 0.000000E+000 0.000000E+000
